PROBLEMA_01
MEDIDA: KM
N: 48
CIDADES: 1 2 3 4 5 6 7 8 9 10 11 12 13 14 15 16 17 18 19 20 21 22 23 24 25 26 27 28 29 30 31 32 33 34 35 36 37 38 39 40 41 42 43 44 45 46 47 48
NOMES: ANGICOS;SAO RAFAEL;ITAJA;ASSU;JUCURUTU;MOSSORO;NATAL;AFONSO BEZERRA;PEDRO AVELINO;FERNANDO PEDROSA;SANTANA DO MATOS;LAJES;SANTA CRUZ;CAICO;SAO MIGUEL;SAO JOSE DO MIPIBU;SAO GONCALO DO AMARANTE;PAU DOS FERROS;PARNAMIRIM;MACAIBA;MACAU;JOAO CAMARA;IPANGUACU;CURRAIS NOVOS;CEARA-MIRIM;CANGUARETAMA;BARAUNA;APODI;ACARI;AREIA BRANCA;EXTREMOZ;GOIANINHA;MONTE ALEGRE;NISIA FLORESTA;NOVA CRUZ;TOUROS;TANGARA;SAO PAULO DO POTENGI;SANTO ANTONIO;TAIPU;UPANEMA;PEDRO VELHO;PARELHAS;CARAUBAS;ALEXANDRIA;JARDIM DE PIRANHAS;SAO JOSE DO CAMPESTRE;POCO BRANCO
MATRIZ:
0.00 38.80 29.70 37.40 76.80 106.00 170.00 26.40 42.40 26.80 49.90 45.90 186.00 139.00 253.00 186.00 163.00 212.00 166.00 147.00 80.90 122.00 42.40 143.00 155.00 226.00 135.00 161.00 159.00 138.00 179.00 210.00 182.00 196.00 200.00 180.00 157.00 119.00 177.00 147.00 79.90 225.00 189.00 132.00 200.00 169.00 181.00 142.00
38.80 0.00 31.50 39.30 50.70 108.00 205.00 60.90 77.00 62.40 43.20 80.50 165.00 97.80 250.00 226.00 204.00 208.00 207.00 188.00 114.00 162.00 47.90 101.00 195.00 267.00 141.00 158.00 117.00 143.00 219.00 251.00 222.00 237.00 241.00 220.00 193.00 159.00 218.00 187.00 105.00 266.00 147.00 128.00 197.00 127.00 222.00 182.00
29.70 31.50 0.00 9.90 82.20 79.00 196.00 51.80 67.80 53.20 67.70 71.30 183.00 116.00 242.00 210.00 187.00 201.00 190.00 171.00 97.00 146.00 31.20 120.00 179.00 250.00 124.00 150.00 135.00 126.00 202.00 234.00 206.00 220.00 224.00 204.00 181.00 142.00 201.00 170.00 88.10 258.00 165.00 121.00 189.00 146.00 205.00 165.00
37.40 39.30 9.90 0.00 73.30 73.40 204.00 59.50 75.60 60.90 82.30 79.10 204.00 135.00 223.00 218.00 196.00 182.00 199.00 180.00 86.20 154.00 28.20 141.00 188.00 259.00 105.00 131.00 156.00 100.00 211.00 243.00 215.00 229.00 233.00 212.00 190.00 151.00 210.00 179.00 69.00 258.00 186.00 102.00 170.00 162.00 214.00 174.00
76.80 50.70 82.20 73.30 0.00 228.00 128.00 99.30 115.00 83.60 51.10 113.00 134.00 53.20 207.00 240.00 229.00 165.00 241.00 222.00 158.00 187.00 91.90 70.90 239.00 258.00 171.00 115.00 86.40 173.00 263.00 242.00 220.00 252.00 230.00 255.00 163.00 205.00 208.00 231.00 74.80 250.00 116.00 85.40 154.00 56.30 173.00 226.00
106.00 108.00 79.00 73.40 228.00 0.00 272.00 128.00 144.00 130.00 151.00 148.00 270.00 190.00 192.00 286.00 263.00 152.00 267.00 247.00 162.00 222.00 95.90 207.00 255.00 327.00 36.30 78.60 224.00 42.10 279.00 311.00 282.00 297.00 301.00 280.00 257.00 219.00 278.00 247.00 54.70 333.00 251.00 65.50 172.00 184.00 280.00 242.00
170.00 205.00 196.00 204.00 128.00 272.00 0.00 166.00 151.00 159.00 184.00 130.00 122.00 272.00 433.00 40.30 18.80 392.00 20.60 39.20 167.00 84.00 222.00 186.00 39.40 79.00 315.00 341.00 215.00 272.00 23.90 63.00 51.50 48.20 104.00 84.50 93.90 78.00 81.10 59.60 279.00 86.80 245.00 312.00 380.00 307.00 118.00 69.20
26.40 60.90 51.80 59.50 99.30 128.00 166.00 0.00 16.10 28.10 71.20 43.10 189.00 175.00 290.00 192.00 166.00 249.00 172.00 150.00 50.00 100.00 40.10 179.00 149.00 230.00 172.00 198.00 172.00 108.00 173.00 214.00 185.00 200.00 204.00 183.00 161.00 122.00 181.00 150.00 136.00 229.00 202.00 169.00 237.00 205.00 185.00 122.00
42.40 77.00 67.80 75.60 115.00 144.00 151.00 16.10 0.00 27.30 62.30 29.80 170.00 186.00 319.00 173.00 147.00 278.00 153.00 131.00 51.50 71.00 75.90 124.00 120.00 211.00 201.00 227.00 153.00 130.00 143.00 195.00 166.00 181.00 185.00 129.00 142.00 103.00 162.00 98.00 158.00 210.00 183.00 198.00 266.00 235.00 166.00 93.10
26.80 62.40 53.20 60.90 83.60 130.00 159.00 28.10 27.30 0.00 35.10 29.80 170.00 153.00 268.00 173.00 148.00 226.00 153.00 132.00 83.70 108.00 56.90 157.00 140.00 211.00 150.00 176.00 141.00 142.00 163.00 195.00 167.00 181.00 185.00 165.00 142.00 103.00 162.00 131.00 114.00 210.00 171.00 146.00 215.00 183.00 166.00 126.00
49.90 43.20 67.70 82.30 51.10 151.00 184.00 71.20 62.30 35.10 0.00 64.90 139.00 122.00 275.00 202.00 176.00 233.00 182.00 160.00 126.00 136.00 92.20 126.00 168.00 239.00 186.00 182.00 134.00 187.00 192.00 221.00 195.00 209.00 213.00 184.00 170.00 132.00 190.00 160.00 149.00 247.00 164.00 153.00 221.00 152.00 194.00 155.00
45.90 80.50 71.30 79.10 113.00 148.00 130.00 43.10 29.80 29.80 64.90 0.00 146.00 186.00 311.00 149.00 123.00 269.00 129.00 107.00 88.30 83.10 99.80 90.20 115.00 186.00 194.00 218.00 119.00 195.00 139.00 168.00 143.00 157.00 161.00 133.00 117.00 78.80 138.00 107.00 159.00 186.00 149.00 189.00 258.00 208.00 142.00 102.00
186.00 165.00 183.00 204.00 134.00 270.00 122.00 189.00 170.00 170.00 139.00 146.00 0.00 150.00 340.00 106.00 104.00 299.00 110.00 88.10 215.00 122.00 227.00 64.00 125.00 127.00 275.00 248.00 93.00 277.00 128.00 109.00 85.50 117.00 95.90 180.00 28.60 70.80 73.50 146.00 208.00 116.00 123.00 219.00 265.00 184.00 52.10 141.00
139.00 97.80 116.00 135.00 53.20 190.00 272.00 175.00 186.00 153.00 122.00 186.00 150.00 0.00 198.00 257.00 255.00 156.00 261.00 239.00 212.00 251.00 146.00 87.60 278.00 278.00 226.00 166.00 58.20 228.00 279.00 260.00 237.00 268.00 247.00 290.00 179.00 200.00 224.00 266.00 128.00 266.00 62.00 139.00 113.00 32.60 189.00 261.00
253.00 250.00 242.00 223.00 207.00 192.00 433.00 290.00 319.00 268.00 275.00 311.00 340.00 198.00 0.00 441.00 415.00 42.30 421.00 399.00 314.00 356.00 248.00 277.00 407.00 467.00 220.00 114.00 256.00 234.00 431.00 460.00 426.00 449.00 436.00 423.00 369.00 371.00 414.00 399.00 191.00 456.00 266.00 151.00 88.00 169.00 379.00 394.00
186.00 226.00 210.00 218.00 240.00 286.00 40.30 192.00 173.00 173.00 202.00 149.00 106.00 257.00 441.00 0.00 42.30 397.00 19.70 44.00 194.00 110.00 227.00 170.00 63.50 41.50 321.00 346.00 199.00 322.00 58.80 23.50 21.90 11.80 69.40 124.00 77.90 85.50 46.30 85.90 287.00 50.10 229.00 319.00 371.00 291.00 81.20 95.60
163.00 204.00 187.00 196.00 229.00 263.00 18.80 166.00 147.00 148.00 176.00 123.00 104.00 255.00 415.00 42.30 0.00 374.00 24.50 21.20 152.00 68.20 204.00 168.00 21.20 81.90 298.00 323.00 197.00 253.00 24.50 63.80 38.70 52.10 91.60 83.90 75.70 59.80 68.70 41.50 261.00 90.60 227.00 294.00 362.00 288.00 100.00 51.10
212.00 208.00 201.00 182.00 165.00 152.00 392.00 249.00 278.00 226.00 233.00 269.00 299.00 156.00 42.30 397.00 374.00 0.00 379.00 358.00 272.00 323.00 206.00 235.00 365.00 425.00 180.00 74.10 215.00 194.00 389.00 407.00 384.00 407.00 394.00 381.00 327.00 329.00 372.00 358.00 149.00 414.00 225.00 110.00 46.50 128.00 337.00 353.00
166.00 207.00 190.00 199.00 241.00 267.00 20.60 172.00 153.00 153.00 182.00 129.00 110.00 261.00 421.00 19.70 24.50 379.00 0.00 24.50 174.00 91.00 208.00 171.00 44.00 59.80 302.00 326.00 200.00 276.00 41.20 41.80 38.60 30.00 81.40 106.00 81.40 65.50 62.30 65.90 267.00 68.00 233.00 299.00 368.00 294.00 97.20 75.60
147.00 188.00 171.00 180.00 222.00 247.00 39.20 150.00 131.00 132.00 160.00 107.00 88.10 239.00 399.00 44.00 21.20 358.00 24.50 0.00 167.00 83.20 188.00 152.00 42.40 84.30 282.00 307.00 181.00 268.00 45.30 66.20 28.30 54.50 81.20 105.00 59.70 43.80 58.30 62.70 245.00 92.30 211.00 278.00 346.00 272.00 84.00 72.30
80.90 114.00 97.00 86.20 158.00 162.00 167.00 50.00 51.50 83.70 126.00 88.30 215.00 212.00 314.00 194.00 152.00 272.00 174.00 167.00 0.00 83.50 74.70 215.00 132.00 234.00 197.00 222.00 198.00 102.00 157.00 216.00 190.00 204.00 220.00 142.00 177.00 138.00 197.00 111.00 160.00 245.00 228.00 192.00 261.00 241.00 201.00 106.00
122.00 162.00 146.00 154.00 187.00 222.00 84.00 100.00 71.00 108.00 136.00 83.10 122.00 251.00 356.00 110.00 68.20 323.00 91.00 83.20 83.50 0.00 146.00 158.00 48.80 150.00 248.00 273.00 185.00 185.00 73.00 132.00 107.00 120.00 135.00 58.10 93.30 54.70 114.00 27.10 211.00 161.00 218.00 243.00 312.00 262.00 118.00 22.10
42.40 47.90 31.20 28.20 91.90 95.90 222.00 40.10 75.90 56.90 92.20 99.80 227.00 146.00 248.00 227.00 204.00 206.00 208.00 188.00 74.70 146.00 0.00 149.00 196.00 267.00 131.00 156.00 165.00 132.00 220.00 249.00 224.00 238.00 242.00 212.00 198.00 160.00 219.00 173.00 93.70 267.00 195.00 126.00 195.00 175.00 223.00 168.00
143.00 101.00 120.00 141.00 70.90 207.00 186.00 179.00 124.00 157.00 126.00 90.20 64.00 87.60 277.00 170.00 168.00 235.00 171.00 152.00 215.00 158.00 149.00 0.00 172.00 191.00 242.00 185.00 29.70 243.00 192.00 173.00 150.00 181.00 160.00 221.00 92.60 113.00 138.00 183.00 144.00 180.00 59.50 155.00 202.00 121.00 103.00 178.00
155.00 195.00 179.00 188.00 239.00 255.00 39.40 149.00 120.00 140.00 168.00 115.00 125.00 278.00 407.00 63.50 21.20 365.00 44.00 42.40 132.00 48.80 196.00 172.00 0.00 103.00 290.00 315.00 201.00 234.00 23.60 85.10 59.90 73.30 113.00 63.00 96.90 60.30 89.90 22.00 253.00 112.00 231.00 285.00 354.00 292.00 121.00 31.70
226.00 267.00 250.00 259.00 258.00 327.00 79.00 230.00 211.00 211.00 239.00 186.00 127.00 278.00 467.00 41.50 81.90 425.00 59.80 84.30 234.00 150.00 267.00 191.00 103.00 0.00 362.00 372.00 217.00 363.00 99.20 19.00 63.50 50.80 45.80 164.00 99.20 117.00 53.80 123.00 324.00 12.70 228.00 345.00 392.00 309.00 88.00 133.00
135.00 141.00 124.00 105.00 171.00 36.30 315.00 172.00 201.00 150.00 186.00 194.00 275.00 226.00 220.00 321.00 298.00 180.00 302.00 282.00 197.00 248.00 131.00 242.00 290.00 362.00 0.00 104.00 250.00 81.40 313.00 342.00 317.00 330.00 334.00 305.00 292.00 254.00 313.00 282.00 88.80 361.00 288.00 96.50 203.00 215.00 317.00 277.00
161.00 158.00 150.00 131.00 115.00 78.60 341.00 198.00 227.00 176.00 182.00 218.00 248.00 166.00 114.00 346.00 323.00 74.10 326.00 307.00 222.00 273.00 156.00 185.00 315.00 372.00 104.00 0.00 200.00 127.00 339.00 368.00 333.00 356.00 344.00 331.00 276.00 279.00 321.00 307.00 97.50 363.00 230.00 46.90 120.00 148.00 287.00 302.00
159.00 117.00 135.00 156.00 86.40 224.00 215.00 172.00 153.00 141.00 134.00 119.00 93.00 58.20 256.00 199.00 197.00 215.00 200.00 181.00 198.00 185.00 165.00 29.70 201.00 217.00 250.00 200.00 0.00 259.00 221.00 202.00 178.00 210.00 189.00 250.00 122.00 142.00 166.00 212.00 160.00 209.00 30.50 171.00 172.00 91.40 132.00 207.00
138.00 143.00 126.00 100.00 173.00 42.10 272.00 108.00 130.00 142.00 187.00 195.00 277.00 228.00 234.00 322.00 253.00 194.00 276.00 268.00 102.00 185.00 132.00 243.00 234.00 363.00 81.40 127.00 259.00 0.00 258.00 344.00 292.00 333.00 337.00 243.00 294.00 240.00 314.00 212.00 92.30 362.00 289.00 108.00 215.00 227.00 318.00 207.00
179.00 219.00 202.00 211.00 263.00 279.00 23.90 173.00 143.00 163.00 192.00 139.00 128.00 279.00 431.00 58.80 24.50 389.00 41.20 45.30 157.00 73.00 220.00 192.00 23.60 99.20 313.00 339.00 221.00 258.00 0.00 81.30 63.90 69.60 117.00 74.30 99.80 84.40 92.70 45.60 277.00 107.00 251.00 310.00 378.00 312.00 124.00 55.20
210.00 251.00 234.00 243.00 242.00 311.00 63.00 214.00 195.00 195.00 221.00 168.00 109.00 260.00 460.00 23.50 63.80 407.00 41.80 66.20 216.00 132.00 249.00 173.00 85.10 19.00 342.00 368.00 202.00 344.00 81.30 0.00 47.50 34.80 39.10 148.00 81.10 98.50 35.80 105.00 306.00 28.80 229.00 327.00 374.00 293.00 70.00 115.00
182.00 222.00 206.00 215.00 220.00 282.00 51.50 185.00 166.00 167.00 195.00 143.00 85.50 237.00 426.00 21.90 38.70 384.00 38.60 28.30 190.00 107.00 224.00 150.00 59.90 63.50 317.00 333.00 178.00 292.00 63.90 47.50 0.00 34.30 53.40 123.00 57.10 68.90 30.50 80.10 281.00 71.40 209.00 304.00 351.00 270.00 65.20 89.80
196.00 237.00 220.00 229.00 252.00 297.00 48.20 200.00 181.00 181.00 209.00 157.00 117.00 268.00 449.00 11.80 52.10 407.00 30.00 54.50 204.00 120.00 238.00 181.00 73.30 50.80 330.00 356.00 210.00 333.00 69.60 34.80 34.30 0.00 77.70 134.00 89.00 93.10 54.90 93.50 294.00 58.70 240.00 327.00 383.00 302.00 89.50 103.00
200.00 241.00 224.00 233.00 230.00 301.00 104.00 204.00 185.00 185.00 213.00 161.00 95.90 247.00 436.00 69.40 91.60 394.00 81.40 81.20 220.00 135.00 242.00 160.00 113.00 45.80 334.00 344.00 189.00 337.00 117.00 39.10 53.40 77.70 0.00 180.00 68.20 85.60 23.00 133.00 299.00 33.30 200.00 314.00 361.00 280.00 57.10 143.00
180.00 220.00 204.00 212.00 255.00 280.00 84.50 183.00 129.00 165.00 184.00 133.00 180.00 290.00 423.00 124.00 83.90 381.00 106.00 105.00 142.00 58.10 212.00 221.00 63.00 164.00 305.00 331.00 250.00 243.00 74.30 148.00 123.00 134.00 180.00 0.00 151.00 113.00 157.00 64.80 269.00 172.00 276.00 301.00 370.00 320.00 176.00 72.00
157.00 193.00 181.00 190.00 163.00 257.00 93.90 161.00 142.00 142.00 170.00 117.00 28.60 179.00 369.00 77.90 75.70 327.00 81.40 59.70 177.00 93.30 198.00 92.60 96.90 99.20 292.00 276.00 122.00 294.00 99.80 81.10 57.10 89.00 68.20 151.00 0.00 42.50 45.80 117.00 237.00 87.90 144.00 247.00 294.00 213.00 21.10 112.00
119.00 159.00 142.00 151.00 205.00 219.00 78.00 122.00 103.00 103.00 132.00 78.80 70.80 200.00 371.00 85.50 59.80 329.00 65.50 43.80 138.00 54.70 160.00 113.00 60.30 117.00 254.00 279.00 142.00 240.00 84.40 98.50 68.90 93.10 85.60 113.00 42.50 0.00 62.70 78.60 217.00 111.00 172.00 249.00 318.00 233.00 66.70 73.60
177.00 218.00 201.00 210.00 208.00 278.00 81.10 181.00 162.00 162.00 190.00 138.00 73.50 224.00 414.00 46.30 68.70 372.00 62.30 58.30 197.00 114.00 219.00 138.00 89.90 53.80 313.00 321.00 166.00 314.00 92.70 35.80 30.50 54.90 23.00 157.00 45.80 62.70 0.00 110.00 276.00 47.90 197.00 292.00 339.00 258.00 34.60 120.00
147.00 187.00 170.00 179.00 231.00 247.00 59.60 150.00 98.00 131.00 160.00 107.00 146.00 266.00 399.00 85.90 41.50 358.00 65.90 62.70 111.00 27.10 173.00 183.00 22.00 123.00 282.00 307.00 212.00 212.00 45.60 105.00 80.10 93.50 133.00 64.80 117.00 78.60 110.00 0.00 245.00 132.00 242.00 277.00 346.00 296.00 141.00 9.90
79.90 105.00 88.10 69.00 74.80 54.70 279.00 136.00 158.00 114.00 149.00 159.00 208.00 128.00 191.00 287.00 261.00 149.00 267.00 245.00 160.00 211.00 93.70 144.00 253.00 324.00 88.80 97.50 160.00 92.30 277.00 306.00 281.00 294.00 299.00 269.00 237.00 217.00 276.00 245.00 0.00 323.00 190.00 61.80 138.00 137.00 247.00 240.00
225.00 266.00 258.00 258.00 250.00 333.00 86.80 229.00 210.00 210.00 247.00 186.00 116.00 266.00 456.00 50.10 90.60 414.00 68.00 92.30 245.00 161.00 267.00 180.00 112.00 12.70 361.00 363.00 209.00 362.00 107.00 28.80 71.40 58.70 33.30 172.00 87.90 111.00 47.90 132.00 323.00 0.00 215.00 334.00 381.00 296.00 76.90 142.00
189.00 147.00 165.00 186.00 116.00 251.00 245.00 202.00 183.00 171.00 164.00 149.00 123.00 62.00 266.00 229.00 227.00 225.00 233.00 211.00 228.00 218.00 195.00 59.50 231.00 228.00 288.00 230.00 30.50 289.00 251.00 229.00 209.00 240.00 200.00 276.00 144.00 172.00 197.00 242.00 190.00 215.00 0.00 195.00 182.00 101.00 162.00 237.00
132.00 128.00 121.00 102.00 85.40 65.50 312.00 169.00 198.00 146.00 153.00 189.00 219.00 139.00 151.00 319.00 294.00 110.00 299.00 278.00 192.00 243.00 126.00 155.00 285.00 345.00 96.50 46.90 171.00 108.00 310.00 327.00 304.00 327.00 314.00 301.00 247.00 249.00 292.00 277.00 61.80 334.00 195.00 0.00 106.00 118.00 257.00 273.00
200.00 197.00 189.00 170.00 154.00 172.00 380.00 237.00 266.00 215.00 221.00 258.00 265.00 113.00 88.00 371.00 362.00 46.50 368.00 346.00 261.00 312.00 195.00 202.00 354.00 392.00 203.00 120.00 172.00 215.00 378.00 374.00 351.00 383.00 361.00 370.00 294.00 318.00 339.00 346.00 138.00 381.00 182.00 106.00 0.00 95.70 305.00 341.00
169.00 127.00 146.00 162.00 56.30 184.00 307.00 205.00 235.00 183.00 152.00 208.00 184.00 32.60 169.00 291.00 288.00 128.00 294.00 272.00 241.00 262.00 175.00 121.00 292.00 309.00 215.00 148.00 91.40 227.00 312.00 293.00 270.00 302.00 280.00 320.00 213.00 233.00 258.00 296.00 137.00 296.00 101.00 118.00 95.70 0.00 224.00 291.00
181.00 222.00 205.00 214.00 173.00 280.00 118.00 185.00 166.00 166.00 194.00 142.00 52.10 189.00 379.00 81.20 100.00 337.00 97.20 84.00 201.00 118.00 223.00 103.00 121.00 88.00 317.00 287.00 132.00 318.00 124.00 70.00 65.20 89.50 57.10 176.00 21.10 66.70 34.60 141.00 247.00 76.90 162.00 257.00 305.00 224.00 0.00 136.00
142.00 182.00 165.00 174.00 226.00 242.00 69.20 122.00 93.10 126.00 155.00 102.00 141.00 261.00 394.00 95.60 51.10 353.00 75.60 72.30 106.00 22.10 168.00 178.00 31.70 133.00 277.00 302.00 207.00 207.00 55.20 115.00 89.80 103.00 143.00 72.00 112.00 73.60 120.00 9.90 240.00 142.00 237.00 273.00 341.00 291.00 136.00 0.00
