PROBLEMA_06
MEDIDA: MIN
N: 24
CIDADES: 1 2 3 4 5 6 7 8 9 10 11 12 13 14 15 16 17 18 19 20 21 22 23 24
NOMES: ANGICOS;SAO RAFAEL;ITAJA;ASSU;JUCURUTU;MOSSORO;NATAL;AFONSO BEZERRA;PEDRO AVELINO;FERNANDO PEDROSA;SANTANA DO MATOS;LAJES;SANTA CRUZ;CAICO;SAO MIGUEL;SAO JOSE DO MIPIBU;SAO GONCALO DO AMARANTE;PAU DOS FERROS;PARNAMIRIM;MACAIBA;MACAU;JOAO CAMARA;IPANGUACU;CURRAIS NOVOS
MATRIZ:
0.00 33.00 27.00 34.00 65.00 93.00 145.00 23.00 37.00 23.00 38.00 38.00 141.00 123.00 201.00 141.00 126.00 161.00 126.00 108.00 78.00 92.00 38.00 123.00
33.00 0.00 28.00 35.00 42.00 94.00 172.00 50.00 64.00 51.00 47.00 65.00 141.00 91.00 204.00 169.00 154.00 164.00 154.00 137.00 103.00 122.00 47.00 91.00
27.00 28.00 0.00 11.00 69.00 71.00 166.00 44.00 57.00 44.00 72.00 59.00 174.00 109.00 198.00 156.00 140.00 158.00 141.00 124.00 90.00 109.00 34.00 107.00
34.00 35.00 11.00 0.00 71.00 66.00 174.00 52.00 66.00 53.00 73.00 67.00 172.00 120.00 184.00 162.00 147.00 144.00 148.00 132.00 81.00 116.00 32.00 125.00
65.00 42.00 69.00 71.00 0.00 192.00 114.00 83.00 97.00 70.00 43.00 94.00 112.00 54.00 170.00 211.00 186.00 130.00 206.00 189.00 141.00 154.00 85.00 65.00
93.00 94.00 71.00 66.00 192.00 0.00 235.00 112.00 126.00 113.00 133.00 127.00 213.00 157.00 172.00 211.00 196.00 137.00 197.00 180.00 137.00 164.00 80.00 169.00
145.00 172.00 166.00 174.00 114.00 235.00 0.00 137.00 124.00 133.00 151.00 109.00 107.00 235.00 342.00 49.00 39.00 301.00 30.00 45.00 150.00 92.00 177.00 160.00
23.00 50.00 44.00 52.00 83.00 112.00 137.00 0.00 14.00 38.00 61.00 38.00 154.00 156.00 231.00 158.00 136.00 190.00 140.00 122.00 51.00 88.00 54.00 151.00
37.00 64.00 57.00 66.00 97.00 126.00 124.00 14.00 0.00 36.00 67.00 24.00 136.00 167.00 248.00 139.00 118.00 207.00 122.00 104.00 59.00 61.00 72.00 169.00
23.00 51.00 44.00 53.00 70.00 113.00 133.00 38.00 36.00 0.00 31.00 25.00 131.00 134.00 209.00 134.00 113.00 168.00 117.00 99.00 81.00 80.00 48.00 130.00
38.00 47.00 72.00 73.00 43.00 133.00 151.00 61.00 67.00 31.00 0.00 56.00 137.00 134.00 243.00 165.00 145.00 203.00 148.00 130.00 114.00 111.00 85.00 129.00
38.00 65.00 59.00 67.00 94.00 127.00 109.00 38.00 24.00 25.00 56.00 0.00 125.00 155.00 247.00 128.00 108.00 206.00 111.00 93.00 89.00 74.00 86.00 86.00
141.00 141.00 174.00 172.00 112.00 213.00 107.00 154.00 136.00 131.00 137.00 125.00 0.00 130.00 276.00 95.00 88.00 238.00 92.00 73.00 178.00 102.00 148.00 52.00
123.00 91.00 109.00 120.00 54.00 157.00 235.00 156.00 167.00 134.00 134.00 155.00 130.00 0.00 180.00 223.00 217.00 139.00 220.00 201.00 190.00 208.00 137.00 79.00
201.00 204.00 198.00 184.00 170.00 172.00 342.00 231.00 248.00 209.00 243.00 247.00 276.00 180.00 0.00 342.00 320.00 42.00 324.00 306.00 259.00 286.00 206.00 230.00
141.00 169.00 156.00 162.00 211.00 211.00 49.00 158.00 139.00 134.00 165.00 128.00 95.00 223.00 342.00 0.00 45.00 297.00 20.00 44.00 171.00 103.00 175.00 148.00
126.00 154.00 140.00 147.00 186.00 196.00 39.00 136.00 118.00 113.00 145.00 108.00 88.00 217.00 320.00 45.00 0.00 282.00 31.00 29.00 125.00 57.00 160.00 144.00
161.00 164.00 158.00 144.00 130.00 137.00 301.00 190.00 207.00 168.00 203.00 206.00 238.00 139.00 42.00 297.00 282.00 0.00 284.00 266.00 219.00 246.00 166.00 190.00
126.00 154.00 141.00 148.00 206.00 197.00 30.00 140.00 122.00 117.00 148.00 111.00 92.00 220.00 324.00 20.00 31.00 284.00 0.00 29.00 156.00 88.00 160.00 143.00
108.00 137.00 124.00 132.00 189.00 180.00 45.00 122.00 104.00 99.00 130.00 93.00 73.00 201.00 306.00 44.00 29.00 266.00 29.00 0.00 137.00 70.00 143.00 126.00
78.00 103.00 90.00 81.00 141.00 137.00 150.00 51.00 59.00 81.00 114.00 89.00 178.00 190.00 259.00 171.00 125.00 219.00 156.00 137.00 0.00 69.00 73.00 190.00
92.00 122.00 109.00 116.00 154.00 164.00 92.00 88.00 61.00 80.00 111.00 74.00 102.00 208.00 286.00 103.00 57.00 246.00 88.00 70.00 69.00 0.00 137.00 138.00
38.00 47.00 34.00 32.00 85.00 80.00 177.00 54.00 72.00 48.00 85.00 86.00 148.00 137.00 206.00 175.00 160.00 166.00 160.00 143.00 73.00 137.00 0.00 134.00
123.00 91.00 107.00 125.00 65.00 169.00 160.00 151.00 169.00 130.00 129.00 86.00 52.00 79.00 230.00 148.00 144.00 190.00 143.00 126.00 190.00 138.00 134.00 0.00
