PROBLEMA_07
MEDIDA: KM
N: 12
CIDADES: 1 2 3 4 5 6 7 8 9 10 11 12
NOMES: ANGICOS;SAO RAFAEL;ITAJA;ASSU;JUCURUTU;MOSSORO;NATAL;AFONSO BEZERRA;PEDRO AVELINO;FERNANDO PEDROSA;SANTANA DO MATOS;LAJES
MATRIZ:
0.00 38.80 29.70 37.40 76.80 106.00 170.00 26.40 42.40 26.80 49.90 45.90
38.80 0.00 31.50 39.30 50.70 108.00 205.00 60.90 77.00 62.40 43.20 80.50
29.70 31.50 0.00 9.90 82.20 79.00 196.00 51.80 67.80 53.20 67.70 71.30
37.40 39.30 9.90 0.00 73.30 73.40 204.00 59.50 75.60 60.90 82.30 79.10
76.80 50.70 82.20 73.30 0.00 228.00 128.00 99.30 115.00 83.60 51.10 113.00
106.00 108.00 79.00 73.40 228.00 0.00 272.00 128.00 144.00 130.00 151.00 148.00
170.00 205.00 196.00 204.00 128.00 272.00 0.00 166.00 151.00 159.00 184.00 130.00
26.40 60.90 51.80 59.50 99.30 128.00 166.00 0.00 16.10 28.10 71.20 43.10
42.40 77.00 67.80 75.60 115.00 144.00 151.00 16.10 0.00 27.30 62.30 29.80
26.80 62.40 53.20 60.90 83.60 130.00 159.00 28.10 27.30 0.00 35.10 29.80
49.90 43.20 67.70 82.30 51.10 151.00 184.00 71.20 62.30 35.10 0.00 64.90
45.90 80.50 71.30 79.10 113.00 148.00 130.00 43.10 29.80 29.80 64.90 0.00
