PROBLEMA_05
MEDIDA: KM
N: 24
CIDADES: 1 2 3 4 5 6 7 8 9 10 11 12 13 14 15 16 17 18 19 20 21 22 23 24
NOMES: ANGICOS;SAO RAFAEL;ITAJA;ASSU;JUCURUTU;MOSSORO;NATAL;AFONSO BEZERRA;PEDRO AVELINO;FERNANDO PEDROSA;SANTANA DO MATOS;LAJES;SANTA CRUZ;CAICO;SAO MIGUEL;SAO JOSE DO MIPIBU;SAO GONCALO DO AMARANTE;PAU DOS FERROS;PARNAMIRIM;MACAIBA;MACAU;JOAO CAMARA;IPANGUACU;CURRAIS NOVOS
MATRIZ:
0.00 38.80 29.70 37.40 76.80 106.00 170.00 26.40 42.40 26.80 49.90 45.90 186.00 139.00 253.00 186.00 163.00 212.00 166.00 147.00 80.90 122.00 42.40 143.00
38.80 0.00 31.50 39.30 50.70 108.00 205.00 60.90 77.00 62.40 43.20 80.50 165.00 97.80 250.00 226.00 204.00 208.00 207.00 188.00 114.00 162.00 47.90 101.00
29.70 31.50 0.00 9.90 82.20 79.00 196.00 51.80 67.80 53.20 67.70 71.30 183.00 116.00 242.00 210.00 187.00 201.00 190.00 171.00 97.00 146.00 31.20 120.00
37.40 39.30 9.90 0.00 73.30 73.40 204.00 59.50 75.60 60.90 82.30 79.10 204.00 135.00 223.00 218.00 196.00 182.00 199.00 180.00 86.20 154.00 28.20 141.00
76.80 50.70 82.20 73.30 0.00 228.00 128.00 99.30 115.00 83.60 51.10 113.00 134.00 53.20 207.00 240.00 229.00 165.00 241.00 222.00 158.00 187.00 91.90 70.90
106.00 108.00 79.00 73.40 228.00 0.00 272.00 128.00 144.00 130.00 151.00 148.00 270.00 190.00 192.00 286.00 263.00 152.00 267.00 247.00 162.00 222.00 95.90 207.00
170.00 205.00 196.00 204.00 128.00 272.00 0.00 166.00 151.00 159.00 184.00 130.00 122.00 272.00 433.00 40.30 18.80 392.00 20.60 39.20 167.00 84.00 222.00 186.00
26.40 60.90 51.80 59.50 99.30 128.00 166.00 0.00 16.10 28.10 71.20 43.10 189.00 175.00 290.00 192.00 166.00 249.00 172.00 150.00 50.00 100.00 40.10 179.00
42.40 77.00 67.80 75.60 115.00 144.00 151.00 16.10 0.00 27.30 62.30 29.80 170.00 186.00 319.00 173.00 147.00 278.00 153.00 131.00 51.50 71.00 75.90 124.00
26.80 62.40 53.20 60.90 83.60 130.00 159.00 28.10 27.30 0.00 35.10 29.80 170.00 153.00 268.00 173.00 148.00 226.00 153.00 132.00 83.70 108.00 56.90 157.00
49.90 43.20 67.70 82.30 51.10 151.00 184.00 71.20 62.30 35.10 0.00 64.90 139.00 122.00 275.00 202.00 176.00 233.00 182.00 160.00 126.00 136.00 92.20 126.00
45.90 80.50 71.30 79.10 113.00 148.00 130.00 43.10 29.80 29.80 64.90 0.00 146.00 186.00 311.00 149.00 123.00 269.00 129.00 107.00 88.30 83.10 99.80 90.20
186.00 165.00 183.00 204.00 134.00 270.00 122.00 189.00 170.00 170.00 139.00 146.00 0.00 150.00 340.00 106.00 104.00 299.00 110.00 88.10 215.00 122.00 227.00 64.00
139.00 97.80 116.00 135.00 53.20 190.00 272.00 175.00 186.00 153.00 122.00 186.00 150.00 0.00 198.00 257.00 255.00 156.00 261.00 239.00 212.00 251.00 146.00 87.60
253.00 250.00 242.00 223.00 207.00 192.00 433.00 290.00 319.00 268.00 275.00 311.00 340.00 198.00 0.00 441.00 415.00 42.30 421.00 399.00 314.00 356.00 248.00 277.00
186.00 226.00 210.00 218.00 240.00 286.00 40.30 192.00 173.00 173.00 202.00 149.00 106.00 257.00 441.00 0.00 42.30 397.00 19.70 44.00 194.00 110.00 227.00 170.00
163.00 204.00 187.00 196.00 229.00 263.00 18.80 166.00 147.00 148.00 176.00 123.00 104.00 255.00 415.00 42.30 0.00 374.00 24.50 21.20 152.00 68.20 204.00 168.00
212.00 208.00 201.00 182.00 165.00 152.00 392.00 249.00 278.00 226.00 233.00 269.00 299.00 156.00 42.30 397.00 374.00 0.00 379.00 358.00 272.00 323.00 206.00 235.00
166.00 207.00 190.00 199.00 241.00 267.00 20.60 172.00 153.00 153.00 182.00 129.00 110.00 261.00 421.00 19.70 24.50 379.00 0.00 24.50 174.00 91.00 208.00 171.00
147.00 188.00 171.00 180.00 222.00 247.00 39.20 150.00 131.00 132.00 160.00 107.00 88.10 239.00 399.00 44.00 21.20 358.00 24.50 0.00 167.00 83.20 188.00 152.00
80.90 114.00 97.00 86.20 158.00 162.00 167.00 50.00 51.50 83.70 126.00 88.30 215.00 212.00 314.00 194.00 152.00 272.00 174.00 167.00 0.00 83.50 74.70 215.00
122.00 162.00 146.00 154.00 187.00 222.00 84.00 100.00 71.00 108.00 136.00 83.10 122.00 251.00 356.00 110.00 68.20 323.00 91.00 83.20 83.50 0.00 146.00 158.00
42.40 47.90 31.20 28.20 91.90 95.90 222.00 40.10 75.90 56.90 92.20 99.80 227.00 146.00 248.00 227.00 204.00 206.00 208.00 188.00 74.70 146.00 0.00 149.00
143.00 101.00 120.00 141.00 70.90 207.00 186.00 179.00 124.00 157.00 126.00 90.20 64.00 87.60 277.00 170.00 168.00 235.00 171.00 152.00 215.00 158.00 149.00 0.00
