PROBLEMA_08
MEDIDA: MIN
N: 12
CIDADES: 1 2 3 4 5 6 7 8 9 10 11 12
NOMES: ANGICOS;SAO RAFAEL;ITAJA;ASSU;JUCURUTU;MOSSORO;NATAL;AFONSO BEZERRA;PEDRO AVELINO;FERNANDO PEDROSA;SANTANA DO MATOS;LAJES
MATRIZ:
0.00 33.00 27.00 34.00 65.00 93.00 145.00 23.00 37.00 23.00 38.00 38.00
33.00 0.00 28.00 35.00 42.00 94.00 172.00 50.00 64.00 51.00 47.00 65.00
27.00 28.00 0.00 11.00 69.00 71.00 166.00 44.00 57.00 44.00 72.00 59.00
34.00 35.00 11.00 0.00 71.00 66.00 174.00 52.00 66.00 53.00 73.00 67.00
65.00 42.00 69.00 71.00 0.00 192.00 114.00 83.00 97.00 70.00 43.00 94.00
93.00 94.00 71.00 66.00 192.00 0.00 235.00 112.00 126.00 113.00 133.00 127.00
145.00 172.00 166.00 174.00 114.00 235.00 0.00 137.00 124.00 133.00 151.00 109.00
23.00 50.00 44.00 52.00 83.00 112.00 137.00 0.00 14.00 38.00 61.00 38.00
37.00 64.00 57.00 66.00 97.00 126.00 124.00 14.00 0.00 36.00 67.00 24.00
23.00 51.00 44.00 53.00 70.00 113.00 133.00 38.00 36.00 0.00 31.00 25.00
38.00 47.00 72.00 73.00 43.00 133.00 151.00 61.00 67.00 31.00 0.00 56.00
38.00 65.00 59.00 67.00 94.00 127.00 109.00 38.00 24.00 25.00 56.00 0.00
