PROBLEMA_04
MEDIDA: MIN
N: 36
CIDADES: 1 2 3 4 5 6 7 8 9 10 11 12 13 14 15 16 17 18 19 20 21 22 23 24 25 26 27 28 29 30 31 32 33 34 35 36
NOMES: ANGICOS;SAO RAFAEL;ITAJA;ASSU;JUCURUTU;MOSSORO;NATAL;AFONSO BEZERRA;PEDRO AVELINO;FERNANDO PEDROSA;SANTANA DO MATOS;LAJES;SANTA CRUZ;CAICO;SAO MIGUEL;SAO JOSE DO MIPIBU;SAO GONCALO DO AMARANTE;PAU DOS FERROS;PARNAMIRIM;MACAIBA;MACAU;JOAO CAMARA;IPANGUACU;CURRAIS NOVOS;CEARA-MIRIM;CANGUARETAMA;BARAUNA;APODI;ACARI;AREIA BRANCA;EXTREMOZ;GOIANINHA;MONTE ALEGRE;NISIA FLORESTA;NOVA CRUZ;TOUROS
MATRIZ:
0.00 33.00 27.00 34.00 65.00 93.00 145.00 23.00 37.00 23.00 38.00 38.00 141.00 123.00 201.00 141.00 126.00 161.00 126.00 108.00 78.00 92.00 38.00 123.00 120.00 170.00 105.00 129.00 133.00 101.00 150.00 161.00 138.00 156.00 169.00 147.00
33.00 0.00 28.00 35.00 42.00 94.00 172.00 50.00 64.00 51.00 47.00 65.00 141.00 91.00 204.00 169.00 154.00 164.00 154.00 137.00 103.00 122.00 47.00 91.00 149.00 201.00 113.00 133.00 101.00 110.00 179.00 189.00 166.00 183.00 198.00 176.00
27.00 28.00 0.00 11.00 69.00 71.00 166.00 44.00 57.00 44.00 72.00 59.00 174.00 109.00 198.00 156.00 140.00 158.00 141.00 124.00 90.00 109.00 34.00 107.00 136.00 186.00 101.00 125.00 117.00 96.00 166.00 177.00 154.00 171.00 185.00 163.00
34.00 35.00 11.00 0.00 71.00 66.00 174.00 52.00 66.00 53.00 73.00 67.00 172.00 120.00 184.00 162.00 147.00 144.00 148.00 132.00 81.00 116.00 32.00 125.00 143.00 193.00 88.00 113.00 136.00 88.00 174.00 183.00 162.00 178.00 193.00 171.00
65.00 42.00 69.00 71.00 0.00 192.00 114.00 83.00 97.00 70.00 43.00 94.00 112.00 54.00 170.00 211.00 186.00 130.00 206.00 189.00 141.00 154.00 85.00 65.00 187.00 225.00 134.00 98.00 75.00 130.00 218.00 213.00 189.00 230.00 209.00 212.00
93.00 94.00 71.00 66.00 192.00 0.00 235.00 112.00 126.00 113.00 133.00 127.00 213.00 157.00 172.00 211.00 196.00 137.00 197.00 180.00 137.00 164.00 80.00 169.00 192.00 240.00 40.00 70.00 184.00 39.00 222.00 231.00 210.00 226.00 241.00 220.00
145.00 172.00 166.00 174.00 114.00 235.00 0.00 137.00 124.00 133.00 151.00 109.00 107.00 235.00 342.00 49.00 39.00 301.00 30.00 45.00 150.00 92.00 177.00 160.00 53.00 73.00 243.00 268.00 184.00 249.00 45.00 64.00 65.00 60.00 116.00 80.00
23.00 50.00 44.00 52.00 83.00 112.00 137.00 0.00 14.00 38.00 61.00 38.00 154.00 156.00 231.00 158.00 136.00 190.00 140.00 122.00 51.00 88.00 54.00 151.00 132.00 181.00 135.00 159.00 147.00 100.00 162.00 171.00 148.00 165.00 181.00 158.00
37.00 64.00 57.00 66.00 97.00 126.00 124.00 14.00 0.00 36.00 67.00 24.00 136.00 167.00 248.00 139.00 118.00 207.00 122.00 104.00 59.00 61.00 72.00 169.00 105.00 164.00 149.00 175.00 130.00 121.00 135.00 155.00 132.00 150.00 164.00 116.00
23.00 51.00 44.00 53.00 70.00 113.00 133.00 38.00 36.00 0.00 31.00 25.00 131.00 134.00 209.00 134.00 113.00 168.00 117.00 99.00 81.00 80.00 48.00 130.00 108.00 158.00 112.00 138.00 119.00 129.00 139.00 149.00 126.00 144.00 157.00 135.00
38.00 47.00 72.00 73.00 43.00 133.00 151.00 61.00 67.00 31.00 0.00 56.00 137.00 134.00 243.00 165.00 145.00 203.00 148.00 130.00 114.00 111.00 85.00 129.00 139.00 188.00 148.00 172.00 138.00 146.00 170.00 178.00 161.00 176.00 189.00 163.00
38.00 65.00 59.00 67.00 94.00 127.00 109.00 38.00 24.00 25.00 56.00 0.00 125.00 155.00 247.00 128.00 108.00 206.00 111.00 93.00 89.00 74.00 86.00 86.00 162.00 151.00 149.00 175.00 112.00 148.00 133.00 141.00 124.00 139.00 152.00 129.00
141.00 141.00 174.00 172.00 112.00 213.00 107.00 154.00 136.00 131.00 137.00 125.00 0.00 130.00 276.00 95.00 88.00 238.00 92.00 73.00 178.00 102.00 148.00 52.00 112.00 113.00 211.00 207.00 78.00 209.00 127.00 98.00 74.00 113.00 93.00 156.00
123.00 91.00 109.00 120.00 54.00 157.00 235.00 156.00 167.00 134.00 134.00 155.00 130.00 0.00 180.00 223.00 217.00 139.00 220.00 201.00 190.00 208.00 137.00 79.00 338.00 241.00 186.00 147.00 55.00 185.00 255.00 226.00 202.00 241.00 221.00 257.00
201.00 204.00 198.00 184.00 170.00 172.00 342.00 231.00 248.00 209.00 243.00 247.00 276.00 180.00 0.00 342.00 320.00 42.00 324.00 306.00 259.00 286.00 206.00 230.00 314.00 392.00 197.00 104.00 223.00 210.00 346.00 352.00 353.00 354.00 372.00 340.00
141.00 169.00 156.00 162.00 211.00 211.00 49.00 158.00 139.00 134.00 165.00 128.00 95.00 223.00 342.00 0.00 45.00 297.00 20.00 44.00 171.00 103.00 175.00 148.00 70.00 32.00 238.00 264.00 174.00 239.00 82.00 20.00 27.00 20.00 75.00 126.00
126.00 154.00 140.00 147.00 186.00 196.00 39.00 136.00 118.00 113.00 145.00 108.00 88.00 217.00 320.00 45.00 0.00 282.00 31.00 29.00 125.00 57.00 160.00 144.00 22.00 74.00 223.00 249.00 209.00 220.00 39.00 61.00 45.00 61.00 103.00 84.00
161.00 164.00 158.00 144.00 130.00 137.00 301.00 190.00 207.00 168.00 203.00 206.00 238.00 139.00 42.00 297.00 282.00 0.00 284.00 266.00 219.00 246.00 166.00 190.00 274.00 352.00 162.00 69.00 183.00 174.00 306.00 337.00 313.00 314.00 331.00 300.00
126.00 154.00 141.00 148.00 206.00 197.00 30.00 140.00 122.00 117.00 148.00 111.00 92.00 220.00 324.00 20.00 31.00 284.00 0.00 29.00 156.00 88.00 160.00 143.00 54.00 48.00 223.00 249.00 169.00 253.00 67.00 36.00 38.00 36.00 93.00 112.00
108.00 137.00 124.00 132.00 189.00 180.00 45.00 122.00 104.00 99.00 130.00 93.00 73.00 201.00 306.00 44.00 29.00 266.00 29.00 0.00 137.00 70.00 143.00 126.00 53.00 73.00 205.00 231.00 152.00 232.00 68.00 61.00 34.00 62.00 90.00 115.00
78.00 103.00 90.00 81.00 141.00 137.00 150.00 51.00 59.00 81.00 114.00 89.00 178.00 190.00 259.00 171.00 125.00 219.00 156.00 137.00 0.00 69.00 73.00 190.00 111.00 200.00 163.00 188.00 180.00 95.00 143.00 188.00 171.00 187.00 201.00 123.00
92.00 122.00 109.00 116.00 154.00 164.00 92.00 88.00 61.00 80.00 111.00 74.00 102.00 208.00 286.00 103.00 57.00 246.00 88.00 70.00 69.00 0.00 137.00 138.00 42.00 131.00 188.00 214.00 165.00 162.00 74.00 116.00 102.00 118.00 131.00 53.00
38.00 47.00 34.00 32.00 85.00 80.00 177.00 54.00 72.00 48.00 85.00 86.00 148.00 137.00 206.00 175.00 160.00 166.00 160.00 143.00 73.00 137.00 0.00 134.00 152.00 201.00 106.00 132.00 147.00 104.00 183.00 189.00 175.00 190.00 202.00 176.00
123.00 91.00 107.00 125.00 65.00 169.00 160.00 151.00 169.00 130.00 129.00 86.00 52.00 79.00 230.00 148.00 144.00 190.00 143.00 126.00 190.00 138.00 134.00 0.00 151.00 163.00 194.00 157.00 28.00 193.00 177.00 148.00 125.00 164.00 143.00 195.00
120.00 149.00 136.00 143.00 187.00 192.00 53.00 132.00 105.00 108.00 139.00 162.00 112.00 338.00 314.00 70.00 22.00 274.00 54.00 53.00 111.00 42.00 152.00 151.00 0.00 95.00 217.00 243.00 179.00 205.00 31.00 82.00 66.00 82.00 124.00 62.00
170.00 201.00 186.00 193.00 225.00 240.00 73.00 181.00 164.00 158.00 188.00 151.00 113.00 241.00 392.00 32.00 74.00 352.00 48.00 73.00 200.00 131.00 201.00 163.00 95.00 0.00 267.00 316.00 186.00 267.00 110.00 20.00 59.00 47.00 61.00 156.00
105.00 113.00 101.00 88.00 134.00 40.00 243.00 135.00 149.00 112.00 148.00 149.00 211.00 186.00 197.00 238.00 223.00 162.00 223.00 205.00 163.00 188.00 106.00 194.00 217.00 267.00 0.00 95.00 211.00 77.00 250.00 259.00 244.00 259.00 270.00 244.00
129.00 133.00 125.00 113.00 98.00 70.00 268.00 159.00 175.00 138.00 172.00 175.00 207.00 147.00 104.00 264.00 249.00 69.00 249.00 231.00 188.00 214.00 132.00 157.00 243.00 316.00 95.00 0.00 171.00 106.00 274.00 281.00 281.00 282.00 299.00 268.00
133.00 101.00 117.00 136.00 75.00 184.00 184.00 147.00 130.00 119.00 138.00 112.00 78.00 55.00 223.00 174.00 209.00 183.00 169.00 152.00 180.00 165.00 147.00 28.00 179.00 186.00 211.00 171.00 0.00 203.00 202.00 172.00 149.00 188.00 168.00 219.00
101.00 110.00 96.00 88.00 130.00 39.00 249.00 100.00 121.00 129.00 146.00 148.00 209.00 185.00 210.00 239.00 220.00 174.00 253.00 232.00 95.00 162.00 104.00 193.00 205.00 267.00 77.00 106.00 203.00 0.00 235.00 254.00 263.00 255.00 266.00 215.00
150.00 179.00 166.00 174.00 218.00 222.00 45.00 162.00 135.00 139.00 170.00 133.00 127.00 255.00 346.00 82.00 39.00 306.00 67.00 68.00 143.00 74.00 183.00 177.00 31.00 110.00 250.00 274.00 202.00 235.00 0.00 97.00 79.00 99.00 139.00 69.00
161.00 189.00 177.00 183.00 213.00 231.00 64.00 171.00 155.00 149.00 178.00 141.00 98.00 226.00 352.00 20.00 61.00 337.00 36.00 61.00 188.00 116.00 189.00 148.00 82.00 20.00 259.00 281.00 172.00 254.00 97.00 0.00 50.00 38.00 63.00 148.00
138.00 166.00 154.00 162.00 189.00 210.00 65.00 148.00 132.00 126.00 161.00 124.00 74.00 202.00 353.00 27.00 45.00 313.00 38.00 34.00 171.00 102.00 175.00 125.00 66.00 59.00 244.00 281.00 149.00 263.00 79.00 50.00 0.00 44.00 59.00 130.00
156.00 183.00 171.00 178.00 230.00 226.00 60.00 165.00 150.00 144.00 176.00 139.00 113.00 241.00 354.00 20.00 61.00 314.00 36.00 62.00 187.00 118.00 190.00 164.00 82.00 47.00 259.00 282.00 188.00 255.00 99.00 38.00 44.00 0.00 87.00 143.00
169.00 198.00 185.00 193.00 209.00 241.00 116.00 181.00 164.00 157.00 189.00 152.00 93.00 221.00 372.00 75.00 103.00 331.00 93.00 90.00 201.00 131.00 202.00 143.00 124.00 61.00 270.00 299.00 168.00 266.00 139.00 63.00 59.00 87.00 0.00 185.00
147.00 176.00 163.00 171.00 212.00 220.00 80.00 158.00 116.00 135.00 163.00 129.00 156.00 257.00 340.00 126.00 84.00 300.00 112.00 115.00 123.00 53.00 176.00 195.00 62.00 156.00 244.00 268.00 219.00 215.00 69.00 148.00 130.00 143.00 185.00 0.00
