PROBLEMA_02
MEDIDA: MIN
N: 48
CIDADES: 1 2 3 4 5 6 7 8 9 10 11 12 13 14 15 16 17 18 19 20 21 22 23 24 25 26 27 28 29 30 31 32 33 34 35 36 37 38 39 40 41 42 43 44 45 46 47 48
NOMES: ANGICOS;SAO RAFAEL;ITAJA;ASSU;JUCURUTU;MOSSORO;NATAL;AFONSO BEZERRA;PEDRO AVELINO;FERNANDO PEDROSA;SANTANA DO MATOS;LAJES;SANTA CRUZ;CAICO;SAO MIGUEL;SAO JOSE DO MIPIBU;SAO GONCALO DO AMARANTE;PAU DOS FERROS;PARNAMIRIM;MACAIBA;MACAU;JOAO CAMARA;IPANGUACU;CURRAIS NOVOS;CEARA-MIRIM;CANGUARETAMA;BARAUNA;APODI;ACARI;AREIA BRANCA;EXTREMOZ;GOIANINHA;MONTE ALEGRE;NISIA FLORESTA;NOVA CRUZ;TOUROS;TANGARA;SAO PAULO DO POTENGI;SANTO ANTONIO;TAIPU;UPANEMA;PEDRO VELHO;PARELHAS;CARAUBAS;ALEXANDRIA;JARDIM DE PIRANHAS;SAO JOSE DO CAMPESTRE;POCO BRANCO
MATRIZ:
0.00 33.00 27.00 34.00 65.00 93.00 145.00 23.00 37.00 23.00 38.00 38.00 141.00 123.00 201.00 141.00 126.00 161.00 126.00 108.00 78.00 92.00 38.00 123.00 120.00 170.00 105.00 129.00 133.00 101.00 150.00 161.00 138.00 156.00 169.00 147.00 118.00 88.00 138.00 109.00 85.00 181.00 158.00 101.00 191.00 160.00 148.00 170.00
33.00 0.00 28.00 35.00 42.00 94.00 172.00 50.00 64.00 51.00 47.00 65.00 141.00 91.00 204.00 169.00 154.00 164.00 154.00 137.00 103.00 122.00 47.00 91.00 149.00 201.00 113.00 133.00 101.00 110.00 179.00 189.00 166.00 183.00 198.00 176.00 166.00 117.00 167.00 138.00 83.00 209.00 126.00 105.00 155.00 129.00 176.00 139.00
27.00 28.00 0.00 11.00 69.00 71.00 166.00 44.00 57.00 44.00 72.00 59.00 174.00 109.00 198.00 156.00 140.00 158.00 141.00 124.00 90.00 109.00 34.00 107.00 136.00 186.00 101.00 125.00 117.00 96.00 166.00 177.00 154.00 171.00 185.00 163.00 135.00 105.00 154.00 125.00 69.00 190.00 142.00 98.00 147.00 145.00 163.00 126.00
34.00 35.00 11.00 0.00 71.00 66.00 174.00 52.00 66.00 53.00 73.00 67.00 172.00 120.00 184.00 162.00 147.00 144.00 148.00 132.00 81.00 116.00 32.00 125.00 143.00 193.00 88.00 113.00 136.00 88.00 174.00 183.00 162.00 178.00 193.00 171.00 142.00 112.00 161.00 132.00 57.00 196.00 160.00 85.00 135.00 158.00 171.00 133.00
65.00 42.00 69.00 71.00 0.00 192.00 114.00 83.00 97.00 70.00 43.00 94.00 112.00 54.00 170.00 211.00 186.00 130.00 206.00 189.00 141.00 154.00 85.00 65.00 187.00 225.00 134.00 98.00 75.00 130.00 218.00 213.00 189.00 230.00 209.00 212.00 140.00 178.00 180.00 176.00 59.00 217.00 100.00 70.00 120.00 95.00 164.00 177.00
93.00 94.00 71.00 66.00 192.00 0.00 235.00 112.00 126.00 113.00 133.00 127.00 213.00 157.00 172.00 211.00 196.00 137.00 197.00 180.00 137.00 164.00 80.00 169.00 192.00 240.00 40.00 70.00 184.00 39.00 222.00 231.00 210.00 226.00 241.00 220.00 191.00 161.00 211.00 182.00 56.00 241.00 200.00 59.00 148.00 168.00 215.00 182.00
145.00 172.00 166.00 174.00 114.00 235.00 0.00 137.00 124.00 133.00 151.00 109.00 107.00 235.00 342.00 49.00 39.00 301.00 30.00 45.00 150.00 92.00 177.00 160.00 53.00 73.00 243.00 268.00 184.00 249.00 45.00 64.00 65.00 60.00 116.00 80.00 87.00 81.00 85.00 67.00 212.00 78.00 208.00 240.00 290.00 276.00 115.00 79.00
23.00 50.00 44.00 52.00 83.00 112.00 137.00 0.00 14.00 38.00 61.00 38.00 154.00 156.00 231.00 158.00 136.00 190.00 140.00 122.00 51.00 88.00 54.00 151.00 132.00 181.00 135.00 159.00 147.00 100.00 162.00 171.00 148.00 165.00 181.00 158.00 130.00 100.00 149.00 120.00 104.00 192.00 171.00 132.00 182.00 191.00 159.00 113.00
37.00 64.00 57.00 66.00 97.00 126.00 124.00 14.00 0.00 36.00 67.00 24.00 136.00 167.00 248.00 139.00 118.00 207.00 122.00 104.00 59.00 61.00 72.00 169.00 105.00 164.00 149.00 175.00 130.00 121.00 135.00 155.00 132.00 150.00 164.00 116.00 113.00 83.00 133.00 84.00 123.00 175.00 155.00 147.00 197.00 207.00 142.00 145.00
23.00 51.00 44.00 53.00 70.00 113.00 133.00 38.00 36.00 0.00 31.00 25.00 131.00 134.00 209.00 134.00 113.00 168.00 117.00 99.00 81.00 80.00 48.00 130.00 108.00 158.00 112.00 138.00 119.00 129.00 139.00 149.00 126.00 144.00 157.00 135.00 107.00 77.00 126.00 97.00 82.00 169.00 143.00 110.00 160.00 170.00 136.00 98.00
38.00 47.00 72.00 73.00 43.00 133.00 151.00 61.00 67.00 31.00 0.00 56.00 137.00 134.00 243.00 165.00 145.00 203.00 148.00 130.00 114.00 111.00 85.00 129.00 139.00 188.00 148.00 172.00 138.00 146.00 170.00 178.00 161.00 176.00 189.00 163.00 138.00 108.00 158.00 129.00 121.00 197.00 159.00 146.00 196.00 169.00 167.00 130.00
38.00 65.00 59.00 67.00 94.00 127.00 109.00 38.00 24.00 25.00 56.00 0.00 125.00 155.00 247.00 128.00 108.00 206.00 111.00 93.00 89.00 74.00 86.00 86.00 162.00 151.00 149.00 175.00 112.00 148.00 133.00 141.00 124.00 139.00 152.00 129.00 100.00 70.00 120.00 91.00 121.00 162.00 133.00 149.00 199.00 203.00 129.00 92.00
141.00 141.00 174.00 172.00 112.00 213.00 107.00 154.00 136.00 131.00 137.00 125.00 0.00 130.00 276.00 95.00 88.00 238.00 92.00 73.00 178.00 102.00 148.00 52.00 112.00 113.00 211.00 207.00 78.00 209.00 127.00 98.00 74.00 113.00 93.00 156.00 25.00 60.00 65.00 121.00 168.00 102.00 99.00 179.00 223.00 168.00 52.00 122.00
123.00 91.00 109.00 120.00 54.00 157.00 235.00 156.00 167.00 134.00 134.00 155.00 130.00 0.00 180.00 223.00 217.00 139.00 220.00 201.00 190.00 208.00 137.00 79.00 338.00 241.00 186.00 147.00 55.00 185.00 255.00 226.00 202.00 241.00 221.00 257.00 156.00 178.00 195.00 224.00 113.00 233.00 60.00 124.00 105.00 50.00 180.00 225.00
201.00 204.00 198.00 184.00 170.00 172.00 342.00 231.00 248.00 209.00 243.00 247.00 276.00 180.00 0.00 342.00 320.00 42.00 324.00 306.00 259.00 286.00 206.00 230.00 314.00 392.00 197.00 104.00 223.00 210.00 346.00 352.00 353.00 354.00 372.00 340.00 304.00 285.00 344.00 305.00 155.00 381.00 232.00 134.00 83.00 188.00 328.00 306.00
141.00 169.00 156.00 162.00 211.00 211.00 49.00 158.00 139.00 134.00 165.00 128.00 95.00 223.00 342.00 0.00 45.00 297.00 20.00 44.00 171.00 103.00 175.00 148.00 70.00 32.00 238.00 264.00 174.00 239.00 82.00 20.00 27.00 20.00 75.00 126.00 73.00 82.00 45.00 88.00 214.00 39.00 194.00 243.00 318.00 263.00 84.00 101.00
126.00 154.00 140.00 147.00 186.00 196.00 39.00 136.00 118.00 113.00 145.00 108.00 88.00 217.00 320.00 45.00 0.00 282.00 31.00 29.00 125.00 57.00 160.00 144.00 22.00 74.00 223.00 249.00 209.00 220.00 39.00 61.00 45.00 61.00 103.00 84.00 69.00 63.00 73.00 36.00 195.00 84.00 391.00 224.00 274.00 260.00 98.00 49.00
161.00 164.00 158.00 144.00 130.00 137.00 301.00 190.00 207.00 168.00 203.00 206.00 238.00 139.00 42.00 297.00 282.00 0.00 284.00 266.00 219.00 246.00 166.00 190.00 274.00 352.00 162.00 69.00 183.00 174.00 306.00 337.00 313.00 314.00 331.00 300.00 264.00 244.00 303.00 265.00 114.00 341.00 192.00 94.00 46.00 147.00 267.00 266.00
126.00 154.00 141.00 148.00 206.00 197.00 30.00 140.00 122.00 117.00 148.00 111.00 92.00 220.00 324.00 20.00 31.00 284.00 0.00 29.00 156.00 88.00 160.00 143.00 54.00 48.00 223.00 249.00 169.00 253.00 67.00 36.00 38.00 36.00 93.00 112.00 72.00 66.00 61.00 72.00 198.00 55.00 194.00 226.00 276.00 263.00 99.00 84.00
108.00 137.00 124.00 132.00 189.00 180.00 45.00 122.00 104.00 99.00 130.00 93.00 73.00 201.00 306.00 44.00 29.00 266.00 29.00 0.00 137.00 70.00 143.00 126.00 53.00 73.00 205.00 231.00 152.00 232.00 68.00 61.00 34.00 62.00 90.00 115.00 51.00 45.00 60.00 69.00 177.00 81.00 173.00 205.00 255.00 241.00 80.00 81.00
78.00 103.00 90.00 81.00 141.00 137.00 150.00 51.00 59.00 81.00 114.00 89.00 178.00 190.00 259.00 171.00 125.00 219.00 156.00 137.00 0.00 69.00 73.00 190.00 111.00 200.00 163.00 188.00 180.00 95.00 143.00 188.00 171.00 187.00 201.00 123.00 147.00 117.00 167.00 90.00 131.00 209.00 199.00 160.00 210.00 227.00 176.00 91.00
92.00 122.00 109.00 116.00 154.00 164.00 92.00 88.00 61.00 80.00 111.00 74.00 102.00 208.00 286.00 103.00 57.00 246.00 88.00 70.00 69.00 0.00 137.00 138.00 42.00 131.00 188.00 214.00 165.00 162.00 74.00 116.00 102.00 118.00 131.00 53.00 80.00 50.00 99.00 22.00 158.00 142.00 184.00 188.00 237.00 240.00 109.00 23.00
38.00 47.00 34.00 32.00 85.00 80.00 177.00 54.00 72.00 48.00 85.00 86.00 148.00 137.00 206.00 175.00 160.00 166.00 160.00 143.00 73.00 137.00 0.00 134.00 152.00 201.00 106.00 132.00 147.00 104.00 183.00 189.00 175.00 190.00 202.00 176.00 154.00 124.00 173.00 159.00 78.00 216.00 173.00 107.00 157.00 175.00 183.00 160.00
123.00 91.00 107.00 125.00 65.00 169.00 160.00 151.00 169.00 130.00 129.00 86.00 52.00 79.00 230.00 148.00 144.00 190.00 143.00 126.00 190.00 138.00 134.00 0.00 151.00 163.00 194.00 157.00 28.00 193.00 177.00 148.00 125.00 164.00 143.00 195.00 77.00 100.00 117.00 154.00 119.00 155.00 51.00 130.00 173.00 119.00 101.00 155.00
120.00 149.00 136.00 143.00 187.00 192.00 53.00 132.00 105.00 108.00 139.00 162.00 112.00 338.00 314.00 70.00 22.00 274.00 54.00 53.00 111.00 42.00 152.00 151.00 0.00 95.00 217.00 243.00 179.00 205.00 31.00 82.00 66.00 82.00 124.00 62.00 89.00 57.00 95.00 21.00 188.00 103.00 200.00 216.00 267.00 268.00 118.00 33.00
170.00 201.00 186.00 193.00 225.00 240.00 73.00 181.00 164.00 158.00 188.00 151.00 113.00 241.00 392.00 32.00 74.00 352.00 48.00 73.00 200.00 131.00 201.00 163.00 95.00 0.00 267.00 316.00 186.00 267.00 110.00 20.00 59.00 47.00 61.00 156.00 92.00 107.00 51.00 110.00 236.00 14.00 207.00 271.00 334.00 290.00 88.00 122.00
105.00 113.00 101.00 88.00 134.00 40.00 243.00 135.00 149.00 112.00 148.00 149.00 211.00 186.00 197.00 238.00 223.00 162.00 223.00 205.00 163.00 188.00 106.00 194.00 217.00 267.00 0.00 95.00 211.00 77.00 250.00 259.00 244.00 259.00 270.00 244.00 221.00 191.00 240.00 211.00 84.00 263.00 233.00 85.00 174.00 193.00 250.00 212.00
129.00 133.00 125.00 113.00 98.00 70.00 268.00 159.00 175.00 138.00 172.00 175.00 207.00 147.00 104.00 264.00 249.00 69.00 249.00 231.00 188.00 214.00 132.00 157.00 243.00 316.00 95.00 0.00 171.00 106.00 274.00 281.00 281.00 282.00 299.00 268.00 232.00 214.00 272.00 235.00 82.00 310.00 193.00 43.00 114.00 137.00 196.00 236.00
133.00 101.00 117.00 136.00 75.00 184.00 184.00 147.00 130.00 119.00 138.00 112.00 78.00 55.00 223.00 174.00 209.00 183.00 169.00 152.00 180.00 165.00 147.00 28.00 179.00 186.00 211.00 171.00 0.00 203.00 202.00 172.00 149.00 188.00 168.00 219.00 103.00 125.00 143.00 179.00 132.00 180.00 27.00 143.00 148.00 94.00 127.00 180.00
101.00 110.00 96.00 88.00 130.00 39.00 249.00 100.00 121.00 129.00 146.00 148.00 209.00 185.00 210.00 239.00 220.00 174.00 253.00 232.00 95.00 162.00 104.00 193.00 205.00 267.00 77.00 106.00 203.00 0.00 235.00 254.00 263.00 255.00 266.00 215.00 218.00 211.00 238.00 184.00 85.00 280.00 231.00 92.00 181.00 201.00 247.00 185.00
150.00 179.00 166.00 174.00 218.00 222.00 45.00 162.00 135.00 139.00 170.00 133.00 127.00 255.00 346.00 82.00 39.00 306.00 67.00 68.00 143.00 74.00 183.00 177.00 31.00 110.00 250.00 274.00 202.00 235.00 0.00 97.00 79.00 99.00 139.00 69.00 109.00 88.00 113.00 51.00 218.00 115.00 232.00 247.00 297.00 300.00 139.00 63.00
161.00 189.00 177.00 183.00 213.00 231.00 64.00 171.00 155.00 149.00 178.00 141.00 98.00 226.00 352.00 20.00 61.00 337.00 36.00 61.00 188.00 116.00 189.00 148.00 82.00 20.00 259.00 281.00 172.00 254.00 97.00 0.00 50.00 38.00 63.00 148.00 77.00 92.00 36.00 97.00 225.00 25.00 208.00 277.00 319.00 265.00 73.00 109.00
138.00 166.00 154.00 162.00 189.00 210.00 65.00 148.00 132.00 126.00 161.00 124.00 74.00 202.00 353.00 27.00 45.00 313.00 38.00 34.00 171.00 102.00 175.00 125.00 66.00 59.00 244.00 281.00 149.00 263.00 79.00 50.00 0.00 44.00 59.00 130.00 52.00 64.00 30.00 82.00 211.00 63.00 174.00 253.00 296.00 242.00 69.00 94.00
156.00 183.00 171.00 178.00 230.00 226.00 60.00 165.00 150.00 144.00 176.00 139.00 113.00 241.00 354.00 20.00 61.00 314.00 36.00 62.00 187.00 118.00 190.00 164.00 82.00 47.00 259.00 282.00 188.00 255.00 99.00 38.00 44.00 0.00 87.00 143.00 92.00 93.00 59.00 98.00 226.00 52.00 214.00 255.00 336.00 262.00 97.00 110.00
169.00 198.00 185.00 193.00 209.00 241.00 116.00 181.00 164.00 157.00 189.00 152.00 93.00 221.00 372.00 75.00 103.00 331.00 93.00 90.00 201.00 131.00 202.00 143.00 124.00 61.00 270.00 299.00 168.00 266.00 139.00 63.00 59.00 87.00 0.00 185.00 73.00 88.00 32.00 138.00 239.00 47.00 192.00 272.00 315.00 261.00 69.00 150.00
147.00 176.00 163.00 171.00 212.00 220.00 80.00 158.00 116.00 135.00 163.00 129.00 156.00 257.00 340.00 126.00 84.00 300.00 112.00 115.00 123.00 53.00 176.00 195.00 62.00 156.00 244.00 268.00 219.00 215.00 69.00 148.00 130.00 143.00 185.00 0.00 133.00 103.00 153.00 85.00 213.00 155.00 238.00 241.00 292.00 294.00 162.00 96.00
118.00 166.00 135.00 142.00 140.00 191.00 87.00 130.00 113.00 107.00 138.00 100.00 25.00 156.00 304.00 73.00 69.00 264.00 72.00 51.00 147.00 80.00 154.00 77.00 89.00 92.00 221.00 232.00 103.00 218.00 109.00 77.00 52.00 92.00 73.00 133.00 0.00 38.00 43.00 99.00 191.00 81.00 156.00 202.00 245.00 191.00 35.00 100.00
88.00 117.00 105.00 112.00 178.00 161.00 81.00 100.00 83.00 77.00 108.00 70.00 60.00 178.00 285.00 82.00 63.00 244.00 66.00 45.00 117.00 50.00 124.00 100.00 57.00 107.00 191.00 214.00 125.00 211.00 88.00 92.00 64.00 93.00 88.00 103.00 38.00 0.00 56.00 68.00 158.00 99.00 147.00 187.00 237.00 215.00 66.00 69.00
138.00 167.00 154.00 161.00 180.00 211.00 85.00 149.00 133.00 126.00 158.00 120.00 65.00 195.00 344.00 45.00 73.00 303.00 61.00 60.00 167.00 99.00 173.00 117.00 95.00 51.00 240.00 272.00 143.00 238.00 113.00 36.00 30.00 59.00 32.00 153.00 43.00 56.00 0.00 107.00 208.00 42.00 163.00 242.00 285.00 231.00 39.00 119.00
109.00 138.00 125.00 132.00 176.00 182.00 67.00 120.00 84.00 97.00 129.00 91.00 121.00 224.00 305.00 88.00 36.00 265.00 72.00 69.00 90.00 22.00 159.00 154.00 21.00 110.00 211.00 235.00 179.00 184.00 51.00 97.00 82.00 98.00 138.00 85.00 99.00 68.00 107.00 0.00 177.00 117.00 200.00 206.00 256.00 258.00 125.00 14.00
85.00 83.00 69.00 57.00 59.00 56.00 212.00 104.00 123.00 82.00 121.00 121.00 168.00 113.00 155.00 214.00 195.00 114.00 198.00 177.00 131.00 158.00 78.00 119.00 188.00 236.00 84.00 82.00 132.00 85.00 218.00 225.00 211.00 226.00 239.00 213.00 191.00 158.00 208.00 177.00 0.00 250.00 154.00 73.00 104.00 118.00 217.00 180.00
181.00 209.00 190.00 196.00 217.00 241.00 78.00 192.00 175.00 169.00 197.00 162.00 102.00 233.00 381.00 39.00 84.00 341.00 55.00 81.00 209.00 142.00 216.00 155.00 103.00 14.00 263.00 310.00 180.00 280.00 115.00 25.00 63.00 52.00 47.00 155.00 81.00 99.00 42.00 117.00 250.00 0.00 195.00 282.00 325.00 278.00 78.00 129.00
158.00 126.00 142.00 160.00 100.00 200.00 208.00 171.00 155.00 143.00 159.00 133.00 99.00 60.00 232.00 194.00 391.00 192.00 194.00 173.00 199.00 184.00 173.00 51.00 200.00 207.00 233.00 193.00 27.00 231.00 232.00 208.00 174.00 214.00 192.00 238.00 156.00 147.00 163.00 200.00 154.00 195.00 0.00 168.00 159.00 105.00 153.00 207.00
101.00 105.00 98.00 85.00 70.00 59.00 240.00 132.00 147.00 110.00 146.00 149.00 179.00 124.00 134.00 243.00 224.00 94.00 226.00 205.00 160.00 188.00 107.00 130.00 216.00 271.00 85.00 43.00 143.00 92.00 247.00 277.00 253.00 255.00 272.00 241.00 202.00 187.00 242.00 206.00 73.00 282.00 168.00 0.00 89.00 109.00 228.00 205.00
191.00 155.00 147.00 135.00 120.00 148.00 290.00 182.00 197.00 160.00 196.00 199.00 223.00 105.00 83.00 318.00 274.00 46.00 276.00 255.00 210.00 237.00 157.00 173.00 267.00 334.00 174.00 114.00 148.00 181.00 297.00 319.00 296.00 336.00 315.00 292.00 245.00 237.00 285.00 256.00 104.00 325.00 159.00 89.00 0.00 95.00 274.00 254.00
160.00 129.00 145.00 158.00 95.00 168.00 276.00 191.00 207.00 170.00 169.00 203.00 168.00 50.00 188.00 263.00 260.00 147.00 263.00 241.00 227.00 240.00 175.00 119.00 268.00 290.00 193.00 137.00 94.00 201.00 300.00 265.00 242.00 262.00 261.00 294.00 191.00 215.00 231.00 258.00 118.00 278.00 105.00 109.00 95.00 0.00 221.00 265.00
148.00 176.00 163.00 171.00 164.00 215.00 115.00 159.00 142.00 136.00 167.00 129.00 52.00 180.00 328.00 84.00 98.00 267.00 99.00 80.00 176.00 109.00 183.00 101.00 118.00 88.00 250.00 196.00 127.00 247.00 139.00 73.00 69.00 97.00 69.00 162.00 35.00 66.00 39.00 125.00 217.00 78.00 153.00 228.00 274.00 221.00 0.00 128.00
170.00 139.00 126.00 133.00 177.00 182.00 79.00 113.00 145.00 98.00 130.00 92.00 122.00 225.00 306.00 101.00 49.00 266.00 84.00 81.00 91.00 23.00 160.00 155.00 33.00 122.00 212.00 236.00 180.00 185.00 63.00 109.00 94.00 110.00 150.00 96.00 100.00 69.00 119.00 14.00 180.00 129.00 207.00 205.00 254.00 265.00 128.00 0.00
